489027982183104512,1,1075,2018-09-11 21:03:04,12,6,
489052371544965120,1,250,2018-09-11 21:02:37,12,2,
489089470298062848,1,875,2018-09-11 21:02:11,12,5,
489097664764313600,1,875,2018-09-11 21:01:37,12,5,
489109333116715008,1,250,2018-09-11 21:00:39,12,2,
489111601060773888,1,1375,2018-09-11 20:59:59,12,8,
489122570977673216,1,250,2018-09-11 20:59:13,12,2,
489123526679199744,1,375,2018-09-11 20:58:38,12,2,
489125303092772864,1,250,2018-09-11 20:58:17,12,2,
489128341102657536,1,250,2018-09-11 21:08:11,12,2,
489128341262041088,1,250,2018-09-11 17:41:29,12,2,
489129507798646784,1,875,2018-09-11 20:57:00,12,5,
489132972608323584,1,1500,2018-09-11 20:56:30,12,9,
489133152854343680,1,1500,2018-09-11 20:56:01,12,9,
489153143486021632,1,1500,2018-09-11 20:55:39,12,9,
489160209978097664,1,375,2018-09-11 20:55:18,12,2,
489162356153122816,1,1500,2018-09-11 20:53:56,12,9,
489164906977820672,1,375,2018-09-11 20:53:09,12,2,
